3.6
4.6
5.6
6.6
7.6
8.6
9.1
9.6
10.1
10.6
11.1
11.6
12.1
12.6
13.6
14.6
15.6
16.6
17.6
18.6
19.866097
20.749454
21.716689
22.699448
23.649438
24.699495
25.683378
26.684756
27.689978
28.673355
29.673341
30.640011
31.690006
32.640026
33.691156
34.690050
35.707326
36.690635
37.640085
38.656863
39.656754
40.640120
41.640082
42.623480
43.707574
44.623465
45.623565
46.673503
47.656828
48.691251
49.724069
50.724511
51.656866
52.640169
53.707174
54.623556
55.640198
56.640211
57.623585
58.590229
59.691460
60.673663
61.691171
62.707515
63.691311
64.656937
65.656922
66.623668
67.644909
68.694921
69.661579
70.678980
71.629588
72.578305
73.645751
74.629430
75.663866
76.694984
77.629844
78.594998
79.629686
80.611697
81.645015
82.712250
83.713075
84.662323
85.645967
86.629811
87.678407
88.663153
89.713017
90.713054
91.745187
92.713414
93.678543
94.645755
95.611858
96.612450
97.713182
98.712967
99.695255
100.595302
101.612659
102.646258
103.629642
104.612222
105.611933
106.495947
107.611978
108.629241
109.661992
110.663251
111.663137
112.545347
113.646195
114.695396
115.680168
116.728707
117.762003
118.713267
119.745397
120.762042
121.762093
122.728734
123.745923
124.712111
125.695453
126.728846
127.828746
128.713473
129.646103
130.578764
131.652254
132.602317
133.635634
134.635669
135.652281
136.690638
137.708309
138.757680
139.708098
140.740823
141.725899
142.707587
143.708024
145.226058
145.657460
146.107461
146.657471
147.192197
147.424151
147.640817
148.224150
148.707642
149.207490
149.708613
150.208078
150.692081
151.191194
151.724179
152.607523
153.140948
153.692043
154.242176
155.257523
155.757528
159.840909
161.224216
161.674243
162.557572
163.692049
164.692227
165.725824
166.757624
167.775628
168.692149
169.674463
170.674448
171.707812
172.674480
173.641168
174.708333
175.708613
176.742330
177.707868
178.591135
179.657823
180.707921
181.707924
182.707917
183.725884
184.624520
185.692622
186.607871
187.657859
188.624561
189.541277
190.525188
191.692571
192.674611
193.675736
194.624570
195.591264
196.591311
197.624612
198.657958
199.657948
200.674679
201.641370
202.641450
203.692674
204.692666
205.724822
206.708130
207.708624
208.641498
209.624850
210.708152
211.692668
212.658168
213.692881
214.608299
215.641590
216.608227
217.692380
218.624872
219.691854
220.675592
221.676022
222.575023
223.575023
224.575020
225.541701
226.591676
227.591675
228.625027
229.608391
230.658391
231.693073
232.658376
233.709179
234.692335
235.641763
236.641764
237.675883
238.691867
239.625083
240.591842
241.658447
242.658457
243.658457
244.708504
245.725815
246.675433
247.625146
248.641844
249.676622
250.708490
251.641898
252.625206
253.608513
254.608551
255.658546
256.641897
257.658553
258.658575
259.591901
260.641995
261.641914
262.658602
263.693135
264.726721
265.692580
266.692590
267.692459
268.725348
269.658649
270.692680
271.710273
272.625369
273.608671
274.558684
275.608711
276.694089
277.742198
278.676121
279.658765
280.658722
281.675498
282.693347
283.675446
284.692146
285.608834
286.708856
287.625441
288.659388
289.659339
290.776451
291.676080
292.608816
293.642212
294.676405
295.676280
296.693613
297.642219
298.731481
299.715586
300.498187
301.599759
302.598348
303.648253
304.649256
305.731531
306.681676
307.681544
308.698228
310.114925
311.164925
312.131718
313.082359
314.731770
315.682334
317.198453
317.631779
318.182845
318.682841
319.215099
319.433033
319.649873
320.148691
320.681929
321.198469
321.715719
322.215117
322.698483
323.231773
323.698523
324.649441
325.181794
325.465162
325.698495
326.631806
327.615212
330.748606
331.731931
332.548616
333.616310
334.632497
335.681932
336.681965
337.681959
338.631981
339.665342
340.631989
341.648700
342.615319
343.683793
344.599858
345.566240
346.632056
347.748734
349.232045
349.748753
350.232044
350.715442
351.249148
351.465455
351.682881
352.198806
352.682693
353.198807
353.732092
354.198778
354.684206
355.248793
355.715462
356.649609
357.198797
357.448797
357.732165
358.900482
359.665486
363.782177
364.682194
365.532176
366.465583
367.182195
367.698918
368.215543
368.715599
369.165561
369.600864
370.715619
370.965601