4.17743
4.19414
4.21068
4.22729
4.24399
4.26063
4.27761
4.29411
4.31072
4.32752
4.3444
4.36087
4.37732
4.39413
4.41096
4.42754
4.44442
4.46085
4.47747
4.49414
4.51096
4.5276
4.54421
4.56103
4.57746
4.59397
4.611
4.62745
4.64408
4.66093
4.67757
4.69427
4.71066
4.7273
4.74417
4.86087
4.87745
4.894
4.91064
4.92733
4.94397
4.96066
4.97757
4.9943
5.01087
5.0273
5.04399
5.06082
5.07754
5.09414
5.11068
5.1273
5.14416
5.16118
5.17755
5.19433
5.21076
5.22753
5.24397
5.26082
5.27761
5.29414
5.31096
5.32752
5.34429
5.36167
5.37745
5.39407
5.41095
5.42744
5.44443
5.46097
5.47771
5.49422
5.5109
5.5276
5.54407
5.56086
5.57753
5.59431
5.6111
5.62747
5.64415
5.66095
5.67745
5.69432
5.7108
5.72759
5.74427
5.76082
5.77767
5.79429
5.81101
5.8276
5.84428
5.86111
5.87748
5.89422
5.91107
5.92745
5.94431
5.96082
5.97755
5.99427
6.0108
6.02762
6.04427
6.06102
6.07753
6.09432
6.1116
6.12754
6.14422
6.16106
6.17775
6.19445
6.21084
6.22743
6.24417
6.26077
6.27764
6.29431
6.31098
6.3275
6.34423
6.36105
6.37822
6.39433
6.41098
6.42781
6.44438