0.0
0.0
0.8315968895833333
0.833333
0.833333
1.6649298895833333
1.666666
1.666666
1.7673604041666666
1.770832625
1.86979091875
1.87499925
2.2899296395833333
2.29166575
2.498262889583333
2.498262889583333
2.498262889583333
2.498262889583333
2.499999
2.499999
2.914929389583333
2.9166654999999997
3.123262639583333
3.1249987499999996
3.331595889583333
3.3333319999999995
3.3333319999999995
3.5399291395833328
3.5416652499999994
4.166664999999999
4.998261889583333
4.998261889583333
4.998261889583333
4.998261889583333
4.999998
4.999998
5.10937295625
5.111109066666667
5.204859029166666
5.206595139583333
5.831594889583333
5.833331
5.833331
5.939233735416667
5.940969845833334
6.041664250000001
6.041664250000001
6.144094764583334
6.1458308750000015
6.243053058333334
6.251733610416668
6.350691904166668
6.352428014583335
6.451386308333335
6.458330750000002
6.559025154166669
6.571177927083336
6.6649278895833355
6.666664000000003
6.666664000000003
6.769094514583336
6.772566735416669
6.869788918750002
6.871525029166669
6.97569165416667
6.98089998541667
7.081594389583337
7.083330500000004
7.289927639583338
7.291663750000005
7.498260889583339
7.498260889583339
7.498260889583339
7.498260889583339
7.499997000000006
7.499997000000006
7.602427514583339
7.604163625000006
7.7065941395833395
7.708330250000007
7.91492738958334
7.916663500000007
8.019094014583342
8.020830125000009
8.123260639583343
8.12499675000001
8.331593889583344
8.33333000000001
8.33333000000001
8.748260389583344
8.74999650000001
9.16666300000001
9.581593389583343
9.58332950000001
9.998259889583343
9.998259889583343
9.998259889583343
9.998259889583343
9.99999600000001
9.99999600000001
10.831592889583343
10.83332900000001
10.83332900000001
11.664925889583342
11.66666200000001
11.66666200000001
11.769092514583344
11.77082862500001
11.873259139583345
11.873259139583345
12.289925639583345
12.291661750000012
12.498258889583346
12.498258889583346
12.498258889583346
12.498258889583346
12.499995000000013
12.499995000000013
12.914925389583345
12.916661500000012
13.123258639583346
13.124994750000013
13.331591889583347
13.333328000000014
13.333328000000014
13.539925139583348
13.541661250000015
14.166661000000015
14.581591389583348
14.581591389583348
14.581591389583348
14.583327500000015
14.583327500000015
14.998257889583348
14.998257889583348
14.998257889583348
14.999994000000015
14.999994000000015
15.10242451458335
15.104160625000016
15.41492438958335
15.41492438958335
15.416660500000017
15.416660500000017
15.416660500000017
15.519091014583351
15.520827125000018
15.831590889583351
15.831590889583351
15.833327000000018
15.833327000000018
15.935757514583353
15.93749362500002
16.248257389583355
16.248257389583355
16.24999350000002
16.24999350000002
16.352424014583352
16.354160125000018
16.45659063958335
16.458326750000015
16.66492388958335
16.66492388958335
16.666660000000014
16.666660000000014
16.873257139583348
16.874993250000013
16.977423764583346
16.97915987500001
17.081590389583344
17.08332650000001
17.289923639583343
17.289923639583343
17.291659750000008
17.291659750000008
17.49825688958334
17.49825688958334
17.49825688958334
17.499993000000007
17.499993000000007
17.499993000000007
17.60242351458334
17.604159625000005
17.91492338958334
17.91492338958334
17.916659500000005
17.916659500000005
18.331589889583338
18.331589889583338
18.333326000000003
18.333326000000003
18.748256389583336
18.748256389583336
18.7499925
18.7499925
19.164922889583334
19.166659
19.78992263958333
19.791658749999996
19.99825588958333
19.99825588958333
19.99825588958333
19.999991999999995
19.999991999999995
20.83158888958333
20.833324999999995
20.833324999999995
21.66492188958333
21.666657999999995
21.666657999999995
22.289921639583326
22.29165774999999
22.498254889583325
22.498254889583325
22.498254889583325
22.49999099999999
22.49999099999999
22.706588139583324
22.70832424999999
22.914921389583323
22.91665749999999
23.123254639583323
23.124990749999988
23.33158788958332
23.33158788958332
23.333323999999987
23.333323999999987
23.74825438958332
23.749990499999985
24.164920889583318
24.166656999999983
24.581587389583316
24.58332349999998
24.998253889583314
24.998253889583314
24.998253889583314
24.99998999999998
24.99998999999998
24.99998999999998
24.99998999999998
24.99998999999998
25.41665649999998
25.831586889583313
25.831586889583313
25.831586889583313
25.831586889583313
25.831586889583313
25.83332299999998
25.83332299999998
26.24825338958331
26.249989499999977
26.66491988958331
26.666655999999975
27.081586389583308
27.081586389583308
27.081586389583308
27.083322499999973
27.083322499999973
27.083322499999973
27.289919639583307
27.291655749999972
27.498252889583306
27.498252889583306
27.498252889583306
27.49998899999997
27.49998899999997
27.49998899999997
27.914919389583304
27.914919389583304
27.91665549999997
27.91665549999997
28.123252639583303
28.124988749999968
28.3315858895833
28.3315858895833
28.333321999999967
28.333321999999967
28.7482523895833
28.749988499999965
29.164918889583298
29.166654999999963
29.581585389583296
29.581585389583296
29.58332149999996
29.58332149999996
29.998251889583294
29.998251889583294
29.998251889583294
29.99998799999996
29.99998799999996
30.206585139583293
30.20832124999996
30.414918389583292
30.416654499999957
30.62325163958329
30.624987749999956
30.83158488958329
30.833320999999955
30.833320999999955
31.248251389583288
31.249987499999953
31.666653999999955
32.18575101458329
32.187487124999954
32.28991763958329
32.29165374999995
32.49825088958328
32.49825088958328
32.49825088958328
32.49825088958328
32.49998699999995
32.49998699999995
32.70658413958328
32.70832024999994
32.91491738958327
32.91665349999994
33.12325063958327
33.124986749999934
33.331583889583264
33.33331999999993
33.33331999999993
33.74825038958326
33.74998649999993
33.95658363958326
33.95831974999992
34.16491688958325
34.16665299999992
34.68575001458325
34.687486124999914
34.78991663958325
34.79165274999991
34.99824988958324
34.99824988958324
34.99824988958324
34.99998599999991
34.99998599999991
34.99998599999991
35.20658313958324
35.2083192499999
35.41491638958323
35.4166524999999
35.62324963958323
35.624985749999894
35.831582889583224
35.831582889583224
35.83331899999989
35.83331899999989
36.24824938958322
36.24998549999989
36.45658263958322
36.45831874999988
36.66491588958321
36.66665199999988
37.08158238958321
37.083318499999876
37.49824888958321
37.49824888958321
37.499984999999874
37.499984999999874
37.706582139583205
37.70831824999987
38.019082014583205
38.02081812499987
38.1232486395832
38.12498474999987
38.2274152645832
38.229151374999866
38.3315818895832
38.3315818895832
38.33331799999986
38.33331799999986
38.748248389583196
38.74998449999986
38.74998449999986
39.164914889583194
39.16665099999986
39.99824788958319
39.99824788958319
39.99824788958319
39.99824788958319
39.999983999999856
39.999983999999856
40.831580889583186
40.83331699999985
40.83331699999985
41.66491388958318
41.66664999999985
41.66664999999985
41.767344404166515
41.770816624999846
41.86977491874985
41.87498324999985
42.28991363958318
42.29164974999985
42.49824688958318
42.49824688958318
42.49824688958318
42.49824688958318
42.499982999999844
42.499982999999844
42.91491338958318
42.91664949999984
43.12324663958317
43.12498274999984
43.33157988958317
43.33331599999983
43.33331599999983
43.53991313958316
43.54164924999983
44.16664899999983
44.99824588958316
44.99824588958316
44.99824588958316
44.99824588958316
44.999981999999825
44.999981999999825
45.109356956249826
45.11109306666649
45.20484302916649
45.206579139583155
45.831578889583156
45.83331499999982
45.83331499999982
45.93921773541649
45.94095384583316
46.041648249999824
46.041648249999824
46.144078764583156
46.14581487499982
46.24303705833316
46.25171761041649
46.35067590416649
46.35241201458316
46.45137030833316
46.45831474999983
46.559009154166496
46.57116192708316
46.66491188958316
46.666647999999824
46.666647999999824
46.76907851458316
46.77255073541649
46.869772918749824
46.87150902916649
46.97567565416649
46.98088398541649
47.08157838958316
47.08331449999982
47.28991163958315
47.29164774999982
47.49824488958315
47.49824488958315
47.49824488958315
47.49824488958315
47.49998099999981
47.49998099999981
47.602411514583146
47.60414762499981
47.706578139583144
47.70831424999981
47.91491138958314
47.916647499999804
48.01907801458314
48.0208141249998
48.123244639583135
48.1249807499998
48.33157788958313
48.333313999999795
48.333313999999795
48.74824438958313
48.74998049999979
49.16664699999979
49.581577389583124
49.58331349999979
49.99824388958312
49.99824388958312
49.99824388958312
49.99824388958312
49.99997999999979
49.99997999999979
50.83157688958312
50.833312999999784
50.833312999999784
51.664909889583114
51.66664599999978
51.66664599999978
51.76907651458311
51.77081262499978
51.87324313958311
51.87324313958311
52.28990963958311
52.29164574999977
52.4982428895831
52.4982428895831
52.4982428895831
52.4982428895831
52.49997899999977
52.49997899999977
52.9149093895831
52.91664549999977
53.1232426395831
53.12497874999976
53.33157588958309
53.33331199999976
53.33331199999976
53.53990913958309
53.54164524999975
54.166644999999754
54.58157538958309
54.58157538958309
54.58157538958309
54.58331149999975
54.58331149999975
54.998241889583085
54.998241889583085
54.998241889583085
54.99997799999975
54.99997799999975
55.10240851458308
55.10414462499975
55.41490838958308
55.41490838958308
55.41664449999975
55.41664449999975
55.41664449999975
55.51907501458308
55.520811124999746
55.83157488958308
55.83157488958308
55.833310999999746
55.833310999999746
55.93574151458308
55.937477624999744
56.24824138958308
56.24824138958308
56.249977499999744
56.249977499999744
56.35240801458308
56.35414412499974
56.456574639583074
56.45831074999974
56.66490788958307
56.66490788958307
56.666643999999735
56.666643999999735
56.873241139583065
56.87497724999973
56.97740776458306
56.97914387499973
57.08157438958306
57.083310499999726
57.289907639583056
57.289907639583056
57.29164374999972
57.29164374999972
57.49824088958305
57.49824088958305
57.49824088958305
57.49997699999972
57.49997699999972
57.49997699999972
57.60240751458305
57.604143624999715
57.91490738958305
57.91490738958305
57.916643499999715
57.916643499999715
58.33157388958305
58.33157388958305
58.33330999999971
58.33330999999971
58.748240389583046
58.748240389583046
58.74997649999971
58.74997649999971
59.164906889583044
59.16664299999971
59.789906639583045
59.79164274999971
59.99823988958304
59.99823988958304
59.99823988958304
59.999975999999705
59.999975999999705
60.831572889583036
60.8333089999997
60.8333089999997
61.66490588958303
61.6666419999997
61.6666419999997
62.28990563958303
62.2916417499997
62.49823888958303
62.49823888958303
62.49823888958303
62.499974999999694
62.499974999999694
62.706572139583024
62.70830824999969
62.91490538958302
62.916641499999685
63.123238639583015
63.12497474999968
63.33157188958301
63.33157188958301
63.333307999999676
63.333307999999676
63.74823838958301
63.749974499999674
64.16490488958301
64.16664099999969
64.58157138958302
64.58330749999969
64.99823788958302
64.99823788958302
64.99823788958302
64.9999739999997
64.9999739999997
64.9999739999997
64.9999739999997
64.9999739999997
65.4166404999997
65.83157088958303
65.83157088958303
65.83157088958303
65.83157088958303
65.83157088958303
65.8333069999997
65.8333069999997
66.24823738958304
66.24997349999971
66.66490388958304
66.66663999999972
67.08157038958305
67.08157038958305
67.08157038958305
67.08330649999972
67.08330649999972
67.08330649999972
67.28990363958306
67.29163974999973
67.49823688958307
67.49823688958307
67.49823688958307
67.49997299999974
67.49997299999974
67.49997299999974
67.91490338958307
67.91490338958307
67.91663949999975
67.91663949999975
68.12323663958308
68.12497274999976
68.3315698895831
68.3315698895831
68.33330599999977
68.33330599999977
68.7482363895831
68.74997249999977
69.1649028895831
69.16663899999978
69.58156938958311
69.58156938958311
69.58330549999978
69.58330549999978
69.99823588958311
69.99823588958311
69.99823588958311
69.99997199999979
69.99997199999979
70.20656913958312
70.2083052499998
70.41490238958313
70.4166384999998
70.62323563958314
70.62497174999982
70.83156888958315
70.83330499999983
70.83330499999983
71.24823538958316
71.24997149999983
71.66663799999984
72.18573501458317
72.18747112499985
72.28990163958318
72.29163774999985
72.49823488958319
72.49823488958319
72.49823488958319
72.49823488958319
72.49997099999986
72.49997099999986
72.7065681395832
72.70830424999987
72.9149013895832
72.91663749999988
73.12323463958322
73.12497074999989
73.33156788958323
73.3333039999999
73.3333039999999
73.74823438958323
73.7499704999999
73.95656763958324
73.95830374999991
74.16490088958325
74.16663699999992
74.68573401458326
74.68747012499993
74.78990063958327
74.79163674999994
74.99823388958328
74.99823388958328
74.99823388958328
74.99996999999995
74.99996999999995
74.99996999999995
75.20656713958329
75.20830324999996
75.4149003895833
75.41663649999997
75.6232336395833
75.62496974999998
75.83156688958331
75.83156688958331
75.83330299999999
75.83330299999999
76.24823338958332
76.24996949999999
76.45656663958333
76.45830275
76.66489988958334
76.66663600000001
77.08156638958334
77.08330250000002
77.49823288958335
77.49823288958335
77.49996900000002
77.49996900000002
77.70656613958336
77.70830225000003
78.01906601458336
78.02080212500003
78.12323263958336
78.12496875000004
78.22739926458337
78.22913537500004
78.33156588958337
78.33156588958337
78.33330200000005
78.33330200000005
78.74823238958338
78.74996850000005
78.74996850000005
79.16489888958338
79.16663500000006
79.9982318895834
79.9982318895834
79.9982318895834
79.9982318895834
79.99996800000007
79.99996800000007
80.41663450000007
80.8315648895834
80.8315648895834
80.83330100000008
80.83330100000008
81.66489788958341
81.66663400000009
81.87323113958342
81.8749672500001
81.97739776458343
81.9791338750001
82.08156438958343
82.0833005000001
82.18573101458344
82.18746712500011
82.28989763958344
82.29163375000012
82.49823088958345
82.49823088958345
82.49823088958345
82.49996700000013
82.49996700000013
82.70656413958346
82.70830025000014
82.91489738958347
82.91663350000015
82.91663350000015
83.12323063958348
83.12496675000016
83.33156388958349
83.33156388958349
83.33330000000016
83.33330000000016
83.7482303895835
83.7482303895835
83.74996650000017
83.74996650000017
84.1648968895835
84.16663300000018
84.58156338958351
84.58329950000018
84.99822988958351
84.99822988958351
84.99822988958351
84.99996600000019
84.99996600000019
85.20656313958352
85.2082992500002
85.41663250000019
85.62322963958353
85.6249657500002
85.72739626458353
85.7291323750002
85.83156288958354
85.83156288958354
85.83329900000021
85.83329900000021
86.24822938958354
86.24822938958354
86.24996550000022
86.24996550000022
86.66489588958355
86.66489588958355
86.66663200000022
86.66663200000022
87.08156238958355
87.08156238958355
87.08329850000023
87.08329850000023
87.18572901458356
87.18746512500023
87.28989563958356
87.29163175000024
87.39406226458357
87.39579837500024
87.49822888958357
87.49822888958357
87.49822888958357
87.49996500000024
87.49996500000024
87.49996500000024
87.91489538958358
87.91663150000025
88.12322863958359
88.12496475000026
88.3315618895836
88.3315618895836
88.33329800000027
88.33329800000027
88.7482283895836
88.7482283895836
88.74996450000027
88.74996450000027
89.1648948895836
89.16663100000028
89.58156138958361
89.58156138958361
89.58329750000028
89.58329750000028
89.99822788958362
89.99822788958362
89.99822788958362
89.99996400000029
89.99996400000029
90.4166305000003
90.62322763958363
90.6249637500003
90.83156088958364
90.83156088958364
90.83329700000031
90.83329700000031
91.24822738958365
91.24996350000032
91.66489388958365
91.66489388958365
91.66663000000032
91.66663000000032
91.87322713958366
91.87496325000033
92.08156038958367
92.08329650000034
92.18572701458368
92.18746312500035
92.28989363958368
92.29162975000035
92.39406026458369
92.39579637500036
92.49822688958369
92.49822688958369
92.49822688958369
92.49996300000036
92.49996300000036
92.6023935145837
92.60412962500037
92.9148933895837
92.91662950000037
92.91662950000037
93.0190600145837
93.02079612500037
93.3315598895837
93.3315598895837
93.33329600000037
93.33329600000037
93.7482263895837
93.7482263895837
93.74996250000038
93.74996250000038
94.16489288958371
94.16489288958371
94.16662900000038
94.16662900000038
94.37322613958372
94.3749622500004
94.58155938958373
94.58155938958373
94.5832955000004
94.5832955000004
94.78989263958374
94.79162875000041
94.99822588958375
94.99822588958375
94.99822588958375
94.99996200000042
94.99996200000042
95.41489238958376
95.41662850000043
95.62496175000042
95.83155888958376
95.83155888958376
95.83329500000043
95.83329500000043
96.03989213958377
96.04162825000044
96.24822538958378
96.24822538958378
96.24822538958378
96.24996150000045
96.24996150000045
96.24996150000045
96.66489188958379
96.66489188958379
96.66489188958379
96.66662800000046
96.66662800000046
96.66662800000046
97.08155838958379
97.08155838958379
97.08329450000046
97.08329450000046
97.08329450000046
97.4982248895838
97.4982248895838
97.4982248895838
97.49996100000047
97.49996100000047
97.7065581395838
97.70829425000048
97.91662750000047
98.12322463958381
98.12496075000048
98.22739126458382
98.22912737500049
98.33155788958382
98.33155788958382
98.33155788958382
98.33155788958382
98.33329400000049
98.33329400000049
98.33329400000049
98.74822438958383
98.74822438958383
98.7499605000005
98.7499605000005
99.16489088958383
99.1666270000005
99.58155738958384
99.58329350000051
99.99822388958384
99.99822388958384
99.99822388958384
99.99996000000051
99.99996000000051
100.41489038958385
100.41662650000052
100.62322363958386
100.62495975000053
100.83155688958387
100.83329300000054
100.83329300000054
101.03989013958387
101.04162625000055
101.66662600000055
102.08155638958388
102.08329250000055
102.28988963958389
102.29162575000056
102.4982228895839
102.4982228895839
102.4982228895839
102.49995900000057
102.49995900000057
102.6023895145839
102.60412562500058
102.70655613958391
102.70829225000058
102.91488938958392
102.91488938958392
102.91662550000059
102.91662550000059
103.01905601458392
103.0207921250006
103.12322263958393
103.1249587500006
103.33155588958394
103.33155588958394
103.33329200000061
103.33329200000061
103.53988913958395
103.54162525000062
103.74822238958396
103.74822238958396
103.74995850000063
103.74995850000063
103.95655563958397
103.95829175000064
104.16488888958398
104.16662500000065
104.37322213958399
104.37495825000066
104.581555389584
104.581555389584
104.58329150000067
104.58329150000067
104.789888639584
104.79162475000068
104.99822188958402
104.99822188958402
104.99995800000069
104.99995800000069
105.20655513958403
105.2082912500007
105.41488838958404
105.41488838958404
105.41662450000071
105.41662450000071
105.62322163958405
105.62495775000072
105.83155488958405
105.83155488958405
105.83329100000073
105.83329100000073
106.03988813958406
106.04162425000074
106.24822138958407
106.24822138958407
106.24822138958407
106.24995750000075
106.24995750000075
106.45829075000074
106.66488788958408
106.66488788958408
106.66662400000075
106.66662400000075
106.87322113958409
106.87495725000076
107.0815543895841
107.0815543895841
107.08329050000077
107.08329050000077
107.28988763958411
107.29162375000078
107.49822088958412
107.49822088958412
107.49995700000079
107.49995700000079
107.70655413958413
107.7082902500008
107.91488738958414
107.91488738958414
107.91662350000081
107.91662350000081
108.12322063958415
108.12495675000082
108.33155388958416
108.33155388958416
108.33155388958416
108.33329000000083
108.33329000000083
108.53988713958417
108.54162325000084
108.74822038958418
108.74822038958418
108.74995650000085
108.74995650000085
108.95828975000084
109.16488688958418
109.16488688958418
109.16662300000085
109.16662300000085
109.37322013958419
109.37495625000086
109.5815533895842
109.5815533895842
109.58328950000087
109.58328950000087
109.78988663958421
109.79162275000088
109.99821988958422
109.99821988958422
109.99821988958422
109.99995600000089
109.99995600000089
109.99995600000089
110.20655313958423
110.2082892500009
110.41488638958424
110.41488638958424
110.41488638958424
110.41662250000091
110.41662250000091
110.62321963958425
110.62495575000092
110.83155288958426
110.83155288958426
110.83328900000093
110.83328900000093
111.03988613958427
111.04162225000094
111.24821938958428
111.24821938958428
111.24995550000095
111.24995550000095
111.45828875000095
111.66488588958428
111.66488588958428
111.66662200000096
111.66662200000096
111.8732191395843
111.8732191395843
111.87495525000097
112.0815523895843
112.08328850000098
112.08328850000098
112.28988563958431
112.29162175000099
112.49821888958432
112.49821888958432
112.499955000001
112.499955000001
112.70655213958433
112.708288250001
112.91488538958434
112.91488538958434
112.91662150000101
112.91662150000101
113.12321863958435
113.12495475000102
113.33155188958436
113.33155188958436
113.33155188958436
113.33328800000103
113.33328800000103
113.53988513958437
113.54162125000104
113.74821838958438
113.74821838958438
113.74995450000105
113.74995450000105
113.95828775000105
114.16488488958439
114.16488488958439
114.16662100000106
114.16662100000106
114.3732181395844
114.3732181395844
114.37495425000107
114.5815513895844
114.58328750000108
114.58328750000108
114.78988463958441
114.79162075000109
114.99821788958442
114.99821788958442
114.99821788958442
114.9999540000011
114.9999540000011
115.20655113958443
115.2082872500011
115.41488438958444
115.41488438958444
115.41662050000112
115.41662050000112
115.62321763958445
115.62495375000113
115.83155088958446
115.83155088958446
115.83328700000114
115.83328700000114
116.03988413958447
116.04162025000115
116.24821738958448
116.24821738958448
116.24995350000115
116.24995350000115
116.45655063958449
116.45828675000116
116.6648838895845
116.6648838895845
116.66662000000117
116.66662000000117
116.87321713958451
116.87495325000118
117.08155038958452
117.08155038958452
117.0832865000012
117.0832865000012
117.28988363958453
117.2916197500012
117.49821688958454
117.49821688958454
117.49995300000121
117.49995300000121
117.70828625000121
117.91488338958455
117.91661950000122
118.12321663958456
118.12495275000123
118.33154988958456
118.33328600000124
118.53988313958457
118.54161925000125
118.74821638958458
118.74821638958458
118.74995250000126
118.74995250000126
118.9565496395846
118.95828575000127
119.1648828895846
119.1648828895846
119.16661900000128
119.16661900000128
119.58154938958461
119.58328550000128
119.99821588958461
119.99821588958461
119.99821588958461
119.99995200000129
119.99995200000129
120.41661850000129
120.83154888958462
120.83154888958462
120.8332850000013
120.8332850000013
121.66488188958463
121.66661800000131
121.87321513958464
121.87495125000132
121.97738176458465
121.97911787500132
122.08154838958465
122.08328450000133
122.18571501458466
122.18745112500133
122.28988163958466
122.29161775000134
122.49821488958467
122.49821488958467
122.49821488958467
122.49995100000135
122.49995100000135
122.70654813958468
122.70828425000136
122.91488138958469
122.91661750000137
122.91661750000137
123.1232146395847
123.12495075000137
123.33154788958471
123.33154788958471
123.33328400000138
123.33328400000138
123.74821438958472
123.74821438958472
123.74995050000139
123.74995050000139
124.16488088958472
124.1666170000014
124.58154738958473
124.5832835000014
124.99821388958473
124.99821388958473
124.99821388958473
124.9999500000014
124.9999500000014
125.20654713958474
125.20828325000141
125.41661650000141
125.62321363958475
125.62494975000142
125.72738026458475
125.72911637500142
125.83154688958476
125.83154688958476
125.83328300000143
125.83328300000143
126.24821338958476
126.24821338958476
126.24994950000143
126.24994950000143
126.66487988958477
126.66487988958477
126.66661600000144
126.66661600000144
127.08154638958477
127.08154638958477
127.08328250000145
127.08328250000145
127.18571301458478
127.18744912500145
127.28987963958478
127.29161575000145
127.39404626458479
127.39578237500146
127.49821288958479
127.49821288958479
127.49821288958479
127.49994900000146
127.49994900000146
127.49994900000146
127.9148793895848
127.91661550000147
128.1232126395848
128.12494875000147
128.3315458895848
128.3315458895848
128.33328200000145
128.33328200000145
128.74821238958478
128.74821238958478
128.74994850000144
128.74994850000144
129.16487888958477
129.16661500000143
129.58154538958476
129.58154538958476
129.58328150000142
129.58328150000142
129.99821188958475
129.99821188958475
129.99821188958475
129.9999480000014
129.9999480000014
130.4166145000014
130.62321163958472
130.62494775000138
130.8315448895847
130.8315448895847
130.83328100000136
130.83328100000136
131.2482113895847
131.24994750000135
131.6648778895847
131.6648778895847
131.66661400000135
131.66661400000135
131.87321113958467
131.87494725000133
132.08154438958465
132.0832805000013
132.18571101458465
132.1874471250013
132.28987763958466
132.29161375000132
132.39404426458466
132.39578037500132
132.49821088958467
132.49821088958467
132.49821088958467
132.49994700000133
132.49994700000133
132.60237751458467
132.60411362500133
132.91487738958466
132.91661350000132
132.91661350000132
133.01904401458467
133.02078012500132
133.33154388958465
133.33154388958465
133.3332800000013
133.3332800000013
133.74821038958464
133.74821038958464
133.7499465000013
133.7499465000013
134.16487688958463
134.16487688958463
134.1666130000013
134.1666130000013
134.37321013958461
134.37494625000127
134.5815433895846
134.5815433895846
134.58327950000125
134.58327950000125
134.78987663958458
134.79161275000124
134.99820988958456
134.99820988958456
134.99820988958456
134.99994600000122
134.99994600000122
135.41487638958455
135.4166125000012
135.62494575000122
135.83154288958454
135.83154288958454
135.8332790000012
135.8332790000012
136.03987613958452
136.04161225000118
136.2482093895845
136.2482093895845
136.2482093895845
136.24994550000116
136.24994550000116
136.24994550000116
136.6648758895845
136.6648758895845
136.6648758895845
136.66661200000115
136.66661200000115
136.66661200000115
137.08154238958448
137.08154238958448
137.08327850000114
137.08327850000114
137.08327850000114
137.49820888958448
137.49820888958448
137.49820888958448
137.49994500000113
137.49994500000113
137.70654213958446
137.70827825000111
137.91661150000112
138.12320863958445
138.1249447500011
138.22737526458445
138.2291113750011
138.33154188958446
138.33154188958446
138.33154188958446
138.33154188958446
138.33327800000112
138.33327800000112
138.33327800000112
138.74820838958445
138.74820838958445
138.7499445000011
138.7499445000011
139.16487488958444
139.1666110000011
139.58154138958443
139.5832775000011
139.99820788958442
139.99820788958442
139.99820788958442
139.99994400000108
139.99994400000108
140.4148743895844
140.41661050000107
140.6232076395844
140.62494375000105
140.83154088958437
140.83327700000103
140.83327700000103
141.03987413958436
141.041610250001
141.66661000000101
142.08154038958435
142.083276500001
142.28987363958433
142.291609750001
142.4982068895843
142.4982068895843
142.4982068895843
142.49994300000097
142.49994300000097
142.60237351458431
142.60410962500097
142.70654013958432
142.70827625000098
142.9148733895843
142.9148733895843
142.91660950000096
142.91660950000096
143.0190400145843
143.02077612500096
143.1232066395843
143.12494275000097
143.3315398895843
143.3315398895843
143.33327600000095
143.33327600000095
143.53987313958427
143.54160925000093
143.74820638958425
143.74820638958425
143.7499425000009
143.7499425000009
143.95653963958424
143.9582757500009
144.16487288958422
144.16660900000088
144.3732061395842
144.37494225000086
144.58153938958418
144.58153938958418
144.58327550000084
144.58327550000084
144.78987263958416
144.79160875000082
144.99820588958414
144.99820588958414
144.9999420000008
144.9999420000008
145.20653913958412
145.20827525000078
145.4148723895841
145.4148723895841
145.41660850000076
145.41660850000076
145.62320563958409
145.62494175000074
145.83153888958407
145.83153888958407
145.83327500000073
145.83327500000073
146.03987213958405
146.0416082500007
146.24820538958403
146.24820538958403
146.24820538958403
146.2499415000007
146.2499415000007
146.4582747500007
146.66487188958402
146.66487188958402
146.66660800000068
146.66660800000068
146.873205139584
146.87494125000066
147.08153838958398
147.08153838958398
147.08327450000064
147.08327450000064
147.28987163958396
147.29160775000062
147.49820488958395
147.49820488958395
147.4999410000006
147.4999410000006
147.70653813958393
147.70827425000058
147.9148713895839
147.9148713895839
147.91660750000057
147.91660750000057
148.1232046395839
148.12494075000055
148.33153788958387
148.33153788958387
148.33153788958387
148.33327400000053
148.33327400000053
148.53987113958385
148.5416072500005
148.74820438958383
148.74820438958383
148.7499405000005
148.7499405000005
148.9582737500005
149.16487088958382
149.16487088958382
149.16660700000048
149.16660700000048
149.3732041395838
149.37494025000046
149.5815373895838
149.5815373895838
149.58327350000044
149.58327350000044
149.78987063958377
149.79160675000043
149.99820388958375
149.99820388958375
149.99820388958375
149.9999400000004
149.9999400000004
149.9999400000004
150.20653713958373
150.2082732500004
150.4148703895837
150.4148703895837
150.4148703895837
150.41660650000037
150.41660650000037
150.6232036395837
150.62493975000035
150.83153688958367
150.83153688958367
150.83327300000033
150.83327300000033
151.03987013958366
151.0416062500003
151.24820338958364
151.24820338958364
151.2499395000003
151.2499395000003
151.4582727500003
151.66486988958363
151.66486988958363
151.6666060000003
151.6666060000003
151.8732031395836
151.8732031395836
151.87493925000027
152.0815363895836
152.08327250000025
152.08327250000025
152.28986963958357
152.29160575000023
152.49820288958355
152.49820288958355
152.4999390000002
152.4999390000002
152.70653613958353
152.7082722500002
152.91486938958352
152.91486938958352
152.91660550000017
152.91660550000017
153.1232026395835
153.12493875000015
153.33153588958348
153.33153588958348
153.33153588958348
153.33327200000014
153.33327200000014
153.53986913958346
153.54160525000012
153.74820238958344
153.74820238958344
153.7499385000001
153.7499385000001
153.9582717500001
154.16486888958343
154.16486888958343
154.1666050000001
154.1666050000001
154.3732021395834
154.3732021395834
154.37493825000007
154.5815353895834
154.58327150000005
154.58327150000005
154.78986863958337
154.79160475000003
154.99820188958336
154.99820188958336
154.99820188958336
154.99993800000001
154.99993800000001
155.20653513958334
155.20827125
155.41486838958332
155.41486838958332
155.41660449999998
155.41660449999998
155.6232016395833
155.62493774999996
155.83153488958328
155.83153488958328
155.83327099999994
155.83327099999994
156.03986813958326
156.04160424999992
156.24820138958324
156.24820138958324
156.2499374999999
156.2499374999999
156.45653463958323
156.45827074999988
156.6648678895832
156.6648678895832
156.66660399999986
156.66660399999986
156.8732011395832
156.87493724999985
157.08153438958317
157.08153438958317
157.08327049999983
157.08327049999983
157.28986763958315
157.2916037499998
157.49820088958313
157.49820088958313
157.4999369999998
157.4999369999998
157.7082702499998
157.91486738958312
157.91660349999978
158.1232006395831
158.12493674999976
158.33153388958308
158.33326999999974
158.53986713958307
158.54160324999972
158.74820038958305
158.74820038958305
158.7499364999997
158.7499364999997
158.95653363958303
158.9582697499997
159.164866889583
159.164866889583
159.16660299999967
159.16660299999967
159.581533389583
159.58326949999966
159.998199889583
159.998199889583
159.998199889583
0.0
0.0
0.8315968895833333
0.833333
0.833333
1.6649298895833333
1.666666
1.666666
1.7673604041666666
1.770832625
1.86979091875
1.87499925
2.2899296395833333
2.29166575
2.498262889583333
2.498262889583333
2.498262889583333
2.498262889583333
2.499999
2.499999
2.914929389583333
2.9166654999999997
3.123262639583333
3.1249987499999996
3.331595889583333
3.3333319999999995
3.3333319999999995
3.5399291395833328
3.5416652499999994
4.166664999999999
4.998261889583333
4.998261889583333
4.998261889583333
4.998261889583333
4.999998
4.999998
5.10937295625
5.111109066666667
5.204859029166666
5.206595139583333
5.831594889583333
5.833331
5.833331
5.939233735416667
5.940969845833334
6.041664250000001
6.041664250000001
6.144094764583334
6.1458308750000015
6.243053058333334
6.251733610416668
6.350691904166668
6.352428014583335
6.451386308333335
6.458330750000002
6.559025154166669
6.571177927083336
6.6649278895833355
6.666664000000003
6.666664000000003
6.769094514583336
6.772566735416669
6.869788918750002
6.871525029166669
6.97569165416667
6.98089998541667
7.081594389583337
7.083330500000004
7.289927639583338
7.291663750000005
7.498260889583339
7.498260889583339
7.498260889583339
7.498260889583339
7.499997000000006
7.499997000000006
7.602427514583339
7.604163625000006
7.7065941395833395
7.708330250000007
7.91492738958334
7.916663500000007
8.019094014583342
8.020830125000009
8.123260639583343
8.12499675000001
8.331593889583344
8.33333000000001
8.33333000000001
8.748260389583344
8.74999650000001
9.16666300000001
9.581593389583343
9.58332950000001
9.998259889583343
9.998259889583343
9.998259889583343
9.998259889583343
9.99999600000001
9.99999600000001
10.831592889583343
10.83332900000001
10.83332900000001
11.664925889583342
11.66666200000001
11.66666200000001
11.769092514583344
11.77082862500001
11.873259139583345
11.873259139583345
12.289925639583345
12.291661750000012
12.498258889583346
12.498258889583346
12.498258889583346
12.498258889583346
12.499995000000013
12.499995000000013
12.914925389583345
12.916661500000012
13.123258639583346
13.124994750000013
13.331591889583347
13.333328000000014
13.333328000000014
13.539925139583348
13.541661250000015
14.166661000000015
14.581591389583348
14.581591389583348
14.581591389583348
14.583327500000015
14.583327500000015
14.998257889583348
14.998257889583348
14.998257889583348
14.999994000000015
14.999994000000015
15.10242451458335
15.104160625000016
15.41492438958335
15.41492438958335
15.416660500000017
15.416660500000017
15.416660500000017
15.519091014583351
15.520827125000018
15.831590889583351
15.831590889583351
15.833327000000018
15.833327000000018
15.935757514583353
15.93749362500002
16.248257389583355
16.248257389583355
16.24999350000002
16.24999350000002
16.352424014583352
16.354160125000018
16.45659063958335
16.458326750000015
16.66492388958335
16.66492388958335
16.666660000000014
16.666660000000014
16.873257139583348
16.874993250000013
16.977423764583346
16.97915987500001
17.081590389583344
17.08332650000001
17.289923639583343
17.289923639583343
17.291659750000008
17.291659750000008
17.49825688958334
17.49825688958334
17.49825688958334
17.499993000000007
17.499993000000007
17.499993000000007
17.60242351458334
17.604159625000005
17.91492338958334
17.91492338958334
17.916659500000005
17.916659500000005
18.331589889583338
18.331589889583338
18.333326000000003
18.333326000000003
18.748256389583336
18.748256389583336
18.7499925
18.7499925
19.164922889583334
19.166659
19.78992263958333
19.791658749999996
19.99825588958333
19.99825588958333
19.99825588958333
19.999991999999995
19.999991999999995
20.83158888958333
20.833324999999995
20.833324999999995
21.66492188958333
21.666657999999995
21.666657999999995
22.289921639583326
22.29165774999999
22.498254889583325
22.498254889583325
22.498254889583325
22.49999099999999
22.49999099999999
22.706588139583324
22.70832424999999
22.914921389583323
22.91665749999999
23.123254639583323
23.124990749999988
23.33158788958332
23.33158788958332
23.333323999999987
23.333323999999987
23.74825438958332
23.749990499999985
24.164920889583318
24.166656999999983
24.581587389583316
24.58332349999998
24.998253889583314
24.998253889583314
24.998253889583314
24.99998999999998
24.99998999999998
24.99998999999998
24.99998999999998
24.99998999999998
25.41665649999998
25.831586889583313
25.831586889583313
25.831586889583313
25.831586889583313
25.831586889583313
25.83332299999998
25.83332299999998
26.24825338958331
26.249989499999977
26.66491988958331
26.666655999999975
27.081586389583308
27.081586389583308
27.081586389583308
27.083322499999973
27.083322499999973
27.083322499999973
27.289919639583307
27.291655749999972
27.498252889583306
27.498252889583306
27.498252889583306
27.49998899999997
27.49998899999997
27.49998899999997
27.914919389583304
27.914919389583304
27.91665549999997
27.91665549999997
28.123252639583303
28.124988749999968
28.3315858895833
28.3315858895833
28.333321999999967
28.333321999999967
28.7482523895833
28.749988499999965
29.164918889583298
29.166654999999963
29.581585389583296
29.581585389583296
29.58332149999996
29.58332149999996
29.998251889583294
29.998251889583294
29.998251889583294
29.99998799999996
29.99998799999996
30.206585139583293
30.20832124999996
30.414918389583292
30.416654499999957
30.62325163958329
30.624987749999956
30.83158488958329
30.833320999999955
30.833320999999955
31.248251389583288
31.249987499999953
31.666653999999955
32.18575101458329
32.187487124999954
32.28991763958329
32.29165374999995
32.49825088958328
32.49825088958328
32.49825088958328
32.49825088958328
32.49998699999995
32.49998699999995
32.70658413958328
32.70832024999994
32.91491738958327
32.91665349999994
33.12325063958327
33.124986749999934
33.331583889583264
33.33331999999993
33.33331999999993
33.74825038958326
33.74998649999993
33.95658363958326
33.95831974999992
34.16491688958325
34.16665299999992
34.68575001458325
34.687486124999914
34.78991663958325
34.79165274999991
34.99824988958324
34.99824988958324
34.99824988958324
34.99998599999991
34.99998599999991
34.99998599999991
35.20658313958324
35.2083192499999
35.41491638958323
35.4166524999999
35.62324963958323
35.624985749999894
35.831582889583224
35.831582889583224
35.83331899999989
35.83331899999989
36.24824938958322
36.24998549999989
36.45658263958322
36.45831874999988
36.66491588958321
36.66665199999988
37.08158238958321
37.083318499999876
37.49824888958321
37.49824888958321
37.499984999999874
37.499984999999874
37.706582139583205
37.70831824999987
38.019082014583205
38.02081812499987
38.1232486395832
38.12498474999987
38.2274152645832
38.229151374999866
38.3315818895832
38.3315818895832
38.33331799999986
38.33331799999986
38.748248389583196
38.74998449999986
38.74998449999986
39.164914889583194
39.16665099999986
39.99824788958319
39.99824788958319
39.99824788958319
39.99824788958319
39.999983999999856
39.999983999999856
40.831580889583186
40.83331699999985
40.83331699999985
41.66491388958318
41.66664999999985
41.66664999999985
41.767344404166515
41.770816624999846
41.86977491874985
41.87498324999985
42.28991363958318
42.29164974999985
42.49824688958318
42.49824688958318
42.49824688958318
42.49824688958318
42.499982999999844
42.499982999999844
42.91491338958318
42.91664949999984
43.12324663958317
43.12498274999984
43.33157988958317
43.33331599999983
43.33331599999983
43.53991313958316
43.54164924999983
44.16664899999983
44.99824588958316
44.99824588958316
44.99824588958316
44.99824588958316
44.999981999999825
44.999981999999825
45.109356956249826
45.11109306666649
45.20484302916649
45.206579139583155
45.831578889583156
45.83331499999982
45.83331499999982
45.93921773541649
45.94095384583316
46.041648249999824
46.041648249999824
46.144078764583156
46.14581487499982
46.24303705833316
46.25171761041649
46.35067590416649
46.35241201458316
46.45137030833316
46.45831474999983
46.559009154166496
46.57116192708316
46.66491188958316
46.666647999999824
46.666647999999824
46.76907851458316
46.77255073541649
46.869772918749824
46.87150902916649
46.97567565416649
46.98088398541649
47.08157838958316
47.08331449999982
47.28991163958315
47.29164774999982
47.49824488958315
47.49824488958315
47.49824488958315
47.49824488958315
47.49998099999981
47.49998099999981
47.602411514583146
47.60414762499981
47.706578139583144
47.70831424999981
47.91491138958314
47.916647499999804
48.01907801458314
48.0208141249998
48.123244639583135
48.1249807499998
48.33157788958313
48.333313999999795
48.333313999999795
48.74824438958313
48.74998049999979
49.16664699999979
49.581577389583124
49.58331349999979
49.99824388958312
49.99824388958312
49.99824388958312
49.99824388958312
49.99997999999979
49.99997999999979
50.83157688958312
50.833312999999784
50.833312999999784
51.664909889583114
51.66664599999978
51.66664599999978
51.76907651458311
51.77081262499978
51.87324313958311
51.87324313958311
52.28990963958311
52.29164574999977
52.4982428895831
52.4982428895831
52.4982428895831
52.4982428895831
52.49997899999977
52.49997899999977
52.9149093895831
52.91664549999977
53.1232426395831
53.12497874999976
53.33157588958309
53.33331199999976
53.33331199999976
53.53990913958309
53.54164524999975
54.166644999999754
54.58157538958309
54.58157538958309
54.58157538958309
54.58331149999975
54.58331149999975
54.998241889583085
54.998241889583085
54.998241889583085
54.99997799999975
54.99997799999975
55.10240851458308
55.10414462499975
55.41490838958308
55.41490838958308
55.41664449999975
55.41664449999975
55.41664449999975
55.51907501458308
55.520811124999746
55.83157488958308
55.83157488958308
55.833310999999746
55.833310999999746
55.93574151458308
55.937477624999744
56.24824138958308
56.24824138958308
56.249977499999744
56.249977499999744
56.35240801458308
56.35414412499974
56.456574639583074
56.45831074999974
56.66490788958307
56.66490788958307
56.666643999999735
56.666643999999735
56.873241139583065
56.87497724999973
56.97740776458306
56.97914387499973
57.08157438958306
57.083310499999726
57.289907639583056
57.289907639583056
57.29164374999972
57.29164374999972
57.49824088958305
57.49824088958305
57.49824088958305
57.49997699999972
57.49997699999972
57.49997699999972
57.60240751458305
57.604143624999715
57.91490738958305
57.91490738958305
57.916643499999715
57.916643499999715
58.33157388958305
58.33157388958305
58.33330999999971
58.33330999999971
58.748240389583046
58.748240389583046
58.74997649999971
58.74997649999971
59.164906889583044
59.16664299999971
59.789906639583045
59.79164274999971
59.99823988958304
59.99823988958304
59.99823988958304
59.999975999999705
59.999975999999705
60.831572889583036
60.8333089999997
60.8333089999997
61.66490588958303
61.6666419999997
61.6666419999997
62.28990563958303
62.2916417499997
62.49823888958303
62.49823888958303
62.49823888958303
62.499974999999694
62.499974999999694
62.706572139583024
62.70830824999969
62.91490538958302
62.916641499999685
63.123238639583015
63.12497474999968
63.33157188958301
63.33157188958301
63.333307999999676
63.333307999999676
63.74823838958301
63.749974499999674
64.16490488958301
64.16664099999969
64.58157138958302
64.58330749999969
64.99823788958302
64.99823788958302
64.99823788958302
64.9999739999997
64.9999739999997
64.9999739999997
64.9999739999997
64.9999739999997
65.4166404999997
65.83157088958303
65.83157088958303
65.83157088958303
65.83157088958303
65.83157088958303
65.8333069999997
65.8333069999997
66.24823738958304
66.24997349999971
66.66490388958304
66.66663999999972
67.08157038958305
67.08157038958305
67.08157038958305
67.08330649999972
67.08330649999972
67.08330649999972
67.28990363958306
67.29163974999973
67.49823688958307
67.49823688958307
67.49823688958307
67.49997299999974
67.49997299999974
67.49997299999974
67.91490338958307
67.91490338958307
67.91663949999975
67.91663949999975
68.12323663958308
68.12497274999976
68.3315698895831
68.3315698895831
68.33330599999977
68.33330599999977
68.7482363895831
68.74997249999977
69.1649028895831
69.16663899999978
69.58156938958311
69.58156938958311
69.58330549999978
69.58330549999978
69.99823588958311
69.99823588958311
69.99823588958311
69.99997199999979
69.99997199999979
70.20656913958312
70.2083052499998
70.41490238958313
70.4166384999998
70.62323563958314
70.62497174999982
70.83156888958315
70.83330499999983
70.83330499999983
71.24823538958316
71.24997149999983
71.66663799999984
72.18573501458317
72.18747112499985
72.28990163958318
72.29163774999985
72.49823488958319
72.49823488958319
72.49823488958319
72.49823488958319
72.49997099999986
72.49997099999986
72.7065681395832
72.70830424999987
72.9149013895832
72.91663749999988
73.12323463958322
73.12497074999989
73.33156788958323
73.3333039999999
73.3333039999999
73.74823438958323
73.7499704999999
73.95656763958324
73.95830374999991
74.16490088958325
74.16663699999992
74.68573401458326
74.68747012499993
74.78990063958327
74.79163674999994
74.99823388958328
74.99823388958328
74.99823388958328
74.99996999999995
74.99996999999995
74.99996999999995
75.20656713958329
75.20830324999996
75.4149003895833
75.41663649999997
75.6232336395833
75.62496974999998
75.83156688958331
75.83156688958331
75.83330299999999
75.83330299999999
76.24823338958332
76.24996949999999
76.45656663958333
76.45830275
76.66489988958334
76.66663600000001
77.08156638958334
77.08330250000002
77.49823288958335
77.49823288958335
77.49996900000002
77.49996900000002
77.70656613958336
77.70830225000003
78.01906601458336
78.02080212500003
78.12323263958336
78.12496875000004
78.22739926458337
78.22913537500004
78.33156588958337
78.33156588958337
78.33330200000005
78.33330200000005
78.74823238958338
78.74996850000005
78.74996850000005
79.16489888958338
79.16663500000006
79.9982318895834
79.9982318895834
79.9982318895834
79.9982318895834
79.99996800000007
79.99996800000007
80.41663450000007
80.8315648895834
80.8315648895834
80.83330100000008
80.83330100000008
81.66489788958341
81.66663400000009
81.87323113958342
81.8749672500001
81.97739776458343
81.9791338750001
82.08156438958343
82.0833005000001
82.18573101458344
82.18746712500011
82.28989763958344
82.29163375000012
82.49823088958345
82.49823088958345
82.49823088958345
82.49996700000013
82.49996700000013
82.70656413958346
82.70830025000014
82.91489738958347
82.91663350000015
82.91663350000015
83.12323063958348
83.12496675000016
83.33156388958349
83.33156388958349
83.33330000000016
83.33330000000016
83.7482303895835
83.7482303895835
83.74996650000017
83.74996650000017
84.1648968895835
84.16663300000018
84.58156338958351
84.58329950000018
84.99822988958351
84.99822988958351
84.99822988958351
84.99996600000019
84.99996600000019
85.20656313958352
85.2082992500002
85.41663250000019
85.62322963958353
85.6249657500002
85.72739626458353
85.7291323750002
85.83156288958354
85.83156288958354
85.83329900000021
85.83329900000021
86.24822938958354
86.24822938958354
86.24996550000022
86.24996550000022
86.66489588958355
86.66489588958355
86.66663200000022
86.66663200000022
87.08156238958355
87.08156238958355
87.08329850000023
87.08329850000023
87.18572901458356
87.18746512500023
87.28989563958356
87.29163175000024
87.39406226458357
87.39579837500024
87.49822888958357
87.49822888958357
87.49822888958357
87.49996500000024
87.49996500000024
87.49996500000024
87.91489538958358
87.91663150000025
88.12322863958359
88.12496475000026
88.3315618895836
88.3315618895836
88.33329800000027
88.33329800000027
88.7482283895836
88.7482283895836
88.74996450000027
88.74996450000027
89.1648948895836
89.16663100000028
89.58156138958361
89.58156138958361
89.58329750000028
89.58329750000028
89.99822788958362
89.99822788958362
89.99822788958362
89.99996400000029
89.99996400000029
90.4166305000003
90.62322763958363
90.6249637500003
90.83156088958364
90.83156088958364
90.83329700000031
90.83329700000031
91.24822738958365
91.24996350000032
91.66489388958365
91.66489388958365
91.66663000000032
91.66663000000032
91.87322713958366
91.87496325000033
92.08156038958367
92.08329650000034
92.18572701458368
92.18746312500035
92.28989363958368
92.29162975000035
92.39406026458369
92.39579637500036
92.49822688958369
92.49822688958369
92.49822688958369
92.49996300000036
92.49996300000036
92.6023935145837
92.60412962500037
92.9148933895837
92.91662950000037
92.91662950000037
93.0190600145837
93.02079612500037
93.3315598895837
93.3315598895837
93.33329600000037
93.33329600000037
93.7482263895837
93.7482263895837
93.74996250000038
93.74996250000038
94.16489288958371
94.16489288958371
94.16662900000038
94.16662900000038
94.37322613958372
94.3749622500004
94.58155938958373
94.58155938958373
94.5832955000004
94.5832955000004
94.78989263958374
94.79162875000041
94.99822588958375
94.99822588958375
94.99822588958375
94.99996200000042
94.99996200000042
95.41489238958376
95.41662850000043
95.62496175000042
95.83155888958376
95.83155888958376
95.83329500000043
95.83329500000043
96.03989213958377
96.04162825000044
96.24822538958378
96.24822538958378
96.24822538958378
96.24996150000045
96.24996150000045
96.24996150000045
96.66489188958379
96.66489188958379
96.66489188958379
96.66662800000046
96.66662800000046
96.66662800000046
97.08155838958379
97.08155838958379
97.08329450000046
97.08329450000046
97.08329450000046
97.4982248895838
97.4982248895838
97.4982248895838
97.49996100000047
97.49996100000047
97.7065581395838
97.70829425000048
97.91662750000047
98.12322463958381
98.12496075000048
98.22739126458382
98.22912737500049
98.33155788958382
98.33155788958382
98.33155788958382
98.33155788958382
98.33329400000049
98.33329400000049
98.33329400000049
98.74822438958383
98.74822438958383
98.7499605000005
98.7499605000005
99.16489088958383
99.1666270000005
99.58155738958384
99.58329350000051
99.99822388958384
99.99822388958384
99.99822388958384
99.99996000000051
99.99996000000051
100.41489038958385
100.41662650000052
100.62322363958386
100.62495975000053
100.83155688958387
100.83329300000054
100.83329300000054
101.03989013958387
101.04162625000055
101.66662600000055
102.08155638958388
102.08329250000055
102.28988963958389
102.29162575000056
102.4982228895839
102.4982228895839
102.4982228895839
102.49995900000057
102.49995900000057
102.6023895145839
102.60412562500058
102.70655613958391
102.70829225000058
102.91488938958392
102.91488938958392
102.91662550000059
102.91662550000059
103.01905601458392
103.0207921250006
103.12322263958393
103.1249587500006
103.33155588958394
103.33155588958394
103.33329200000061
103.33329200000061
103.53988913958395
103.54162525000062
103.74822238958396
103.74822238958396
103.74995850000063
103.74995850000063
103.95655563958397
103.95829175000064
104.16488888958398
104.16662500000065
104.37322213958399
104.37495825000066
104.581555389584
104.581555389584
104.58329150000067
104.58329150000067
104.789888639584
104.79162475000068
104.99822188958402
104.99822188958402
104.99995800000069
104.99995800000069
105.20655513958403
105.2082912500007
105.41488838958404
105.41488838958404
105.41662450000071
105.41662450000071
105.62322163958405
105.62495775000072
105.83155488958405
105.83155488958405
105.83329100000073
105.83329100000073
106.03988813958406
106.04162425000074
106.24822138958407
106.24822138958407
106.24822138958407
106.24995750000075
106.24995750000075
106.45829075000074
106.66488788958408
106.66488788958408
106.66662400000075
106.66662400000075
106.87322113958409
106.87495725000076
107.0815543895841
107.0815543895841
107.08329050000077
107.08329050000077
107.28988763958411
107.29162375000078
107.49822088958412
107.49822088958412
107.49995700000079
107.49995700000079
107.70655413958413
107.7082902500008
107.91488738958414
107.91488738958414
107.91662350000081
107.91662350000081
108.12322063958415
108.12495675000082
108.33155388958416
108.33155388958416
108.33155388958416
108.33329000000083
108.33329000000083
108.53988713958417
108.54162325000084
108.74822038958418
108.74822038958418
108.74995650000085
108.74995650000085
108.95828975000084
109.16488688958418
109.16488688958418
109.16662300000085
109.16662300000085
109.37322013958419
109.37495625000086
109.5815533895842
109.5815533895842
109.58328950000087
109.58328950000087
109.78988663958421
109.79162275000088
109.99821988958422
109.99821988958422
109.99821988958422
109.99995600000089
109.99995600000089
109.99995600000089
110.20655313958423
110.2082892500009
110.41488638958424
110.41488638958424
110.41488638958424
110.41662250000091
110.41662250000091
110.62321963958425
110.62495575000092
110.83155288958426
110.83155288958426
110.83328900000093
110.83328900000093
111.03988613958427
111.04162225000094
111.24821938958428
111.24821938958428
111.24995550000095
111.24995550000095
111.45828875000095
111.66488588958428
111.66488588958428
111.66662200000096
111.66662200000096
111.8732191395843
111.8732191395843
111.87495525000097
112.0815523895843
112.08328850000098
112.08328850000098
112.28988563958431
112.29162175000099
112.49821888958432
112.49821888958432
112.499955000001
112.499955000001
112.70655213958433
112.708288250001
112.91488538958434
112.91488538958434
112.91662150000101
112.91662150000101
113.12321863958435
113.12495475000102
113.33155188958436
113.33155188958436
113.33155188958436
113.33328800000103
113.33328800000103
113.53988513958437
113.54162125000104
113.74821838958438
113.74821838958438
113.74995450000105
113.74995450000105
113.95828775000105
114.16488488958439
114.16488488958439
114.16662100000106
114.16662100000106
114.3732181395844
114.3732181395844
114.37495425000107
114.5815513895844
114.58328750000108
114.58328750000108
114.78988463958441
114.79162075000109
114.99821788958442
114.99821788958442
114.99821788958442
114.9999540000011
114.9999540000011
115.20655113958443
115.2082872500011
115.41488438958444
115.41488438958444
115.41662050000112
115.41662050000112
115.62321763958445
115.62495375000113
115.83155088958446
115.83155088958446
115.83328700000114
115.83328700000114
116.03988413958447
116.04162025000115
116.24821738958448
116.24821738958448
116.24995350000115
116.24995350000115
116.45655063958449
116.45828675000116
116.6648838895845
116.6648838895845
116.66662000000117
116.66662000000117
116.87321713958451
116.87495325000118
117.08155038958452
117.08155038958452
117.0832865000012
117.0832865000012
117.28988363958453
117.2916197500012
117.49821688958454
117.49821688958454
117.49995300000121
117.49995300000121
117.70828625000121
117.91488338958455
117.91661950000122
118.12321663958456
118.12495275000123
118.33154988958456
118.33328600000124
118.53988313958457
118.54161925000125
118.74821638958458
118.74821638958458
118.74995250000126
118.74995250000126
118.9565496395846
118.95828575000127
119.1648828895846
119.1648828895846
119.16661900000128
119.16661900000128
119.58154938958461
119.58328550000128
119.99821588958461
119.99821588958461
119.99821588958461
119.99995200000129
119.99995200000129
120.41661850000129
120.83154888958462
120.83154888958462
120.8332850000013
120.8332850000013
121.66488188958463
121.66661800000131
121.87321513958464
121.87495125000132
121.97738176458465
121.97911787500132
122.08154838958465
122.08328450000133
122.18571501458466
122.18745112500133
122.28988163958466
122.29161775000134
122.49821488958467
122.49821488958467
122.49821488958467
122.49995100000135
122.49995100000135
122.70654813958468
122.70828425000136
122.91488138958469
122.91661750000137
122.91661750000137
123.1232146395847
123.12495075000137
123.33154788958471
123.33154788958471
123.33328400000138
123.33328400000138
123.74821438958472
123.74821438958472
123.74995050000139
123.74995050000139
124.16488088958472
124.1666170000014
124.58154738958473
124.5832835000014
124.99821388958473
124.99821388958473
124.99821388958473
124.9999500000014
124.9999500000014
125.20654713958474
125.20828325000141
125.41661650000141
125.62321363958475
125.62494975000142
125.72738026458475
125.72911637500142
125.83154688958476
125.83154688958476
125.83328300000143
125.83328300000143
126.24821338958476
126.24821338958476
126.24994950000143
126.24994950000143
126.66487988958477
126.66487988958477
126.66661600000144
126.66661600000144
127.08154638958477
127.08154638958477
127.08328250000145
127.08328250000145
127.18571301458478
127.18744912500145
127.28987963958478
127.29161575000145
127.39404626458479
127.39578237500146
127.49821288958479
127.49821288958479
127.49821288958479
127.49994900000146
127.49994900000146
127.49994900000146
127.9148793895848
127.91661550000147
128.1232126395848
128.12494875000147
128.3315458895848
128.3315458895848
128.33328200000145
128.33328200000145
128.74821238958478
128.74821238958478
128.74994850000144
128.74994850000144
129.16487888958477
129.16661500000143
129.58154538958476
129.58154538958476
129.58328150000142
129.58328150000142
129.99821188958475
129.99821188958475
129.99821188958475
129.9999480000014
129.9999480000014
130.4166145000014
130.62321163958472
130.62494775000138
130.8315448895847
130.8315448895847
130.83328100000136
130.83328100000136
131.2482113895847
131.24994750000135
131.6648778895847
131.6648778895847
131.66661400000135
131.66661400000135
131.87321113958467
131.87494725000133
132.08154438958465
132.0832805000013
132.18571101458465
132.1874471250013
132.28987763958466
132.29161375000132
132.39404426458466
132.39578037500132
132.49821088958467
132.49821088958467
132.49821088958467
132.49994700000133
132.49994700000133
132.60237751458467
132.60411362500133
132.91487738958466
132.91661350000132
132.91661350000132
133.01904401458467
133.02078012500132
133.33154388958465
133.33154388958465
133.3332800000013
133.3332800000013
133.74821038958464
133.74821038958464
133.7499465000013
133.7499465000013
134.16487688958463
134.16487688958463
134.1666130000013
134.1666130000013
134.37321013958461
134.37494625000127
134.5815433895846
134.5815433895846
134.58327950000125
134.58327950000125
134.78987663958458
134.79161275000124
134.99820988958456
134.99820988958456
134.99820988958456
134.99994600000122
134.99994600000122
135.41487638958455
135.4166125000012
135.62494575000122
135.83154288958454
135.83154288958454
135.8332790000012
135.8332790000012
136.03987613958452
136.04161225000118
136.2482093895845
136.2482093895845
136.2482093895845
136.24994550000116
136.24994550000116
136.24994550000116
136.6648758895845
136.6648758895845
136.6648758895845
136.66661200000115
136.66661200000115
136.66661200000115
137.08154238958448
137.08154238958448
137.08327850000114
137.08327850000114
137.08327850000114
137.49820888958448
137.49820888958448
137.49820888958448
137.49994500000113
137.49994500000113
137.70654213958446
137.70827825000111
137.91661150000112
138.12320863958445
138.1249447500011
138.22737526458445
138.2291113750011
138.33154188958446
138.33154188958446
138.33154188958446
138.33154188958446
138.33327800000112
138.33327800000112
138.33327800000112
138.74820838958445
138.74820838958445
138.7499445000011
138.7499445000011
139.16487488958444
139.1666110000011
139.58154138958443
139.5832775000011
139.99820788958442
139.99820788958442
139.99820788958442
139.99994400000108
139.99994400000108
140.4148743895844
140.41661050000107
140.6232076395844
140.62494375000105
140.83154088958437
140.83327700000103
140.83327700000103
141.03987413958436
141.041610250001
141.66661000000101
142.08154038958435
142.083276500001
142.28987363958433
142.291609750001
142.4982068895843
142.4982068895843
142.4982068895843
142.49994300000097
142.49994300000097
142.60237351458431
142.60410962500097
142.70654013958432
142.70827625000098
142.9148733895843
142.9148733895843
142.91660950000096
142.91660950000096
143.0190400145843
143.02077612500096
143.1232066395843
143.12494275000097
143.3315398895843
143.3315398895843
143.33327600000095
143.33327600000095
143.53987313958427
143.54160925000093
143.74820638958425
143.74820638958425
143.7499425000009
143.7499425000009
143.95653963958424
143.9582757500009
144.16487288958422
144.16660900000088
144.3732061395842
144.37494225000086
144.58153938958418
144.58153938958418
144.58327550000084
144.58327550000084
144.78987263958416
144.79160875000082
144.99820588958414
144.99820588958414
144.9999420000008
144.9999420000008
145.20653913958412
145.20827525000078
145.4148723895841
145.4148723895841
145.41660850000076
145.41660850000076
145.62320563958409
145.62494175000074
145.83153888958407
145.83153888958407
145.83327500000073
145.83327500000073
146.03987213958405
146.0416082500007
146.24820538958403
146.24820538958403
146.24820538958403
146.2499415000007
146.2499415000007
146.4582747500007
146.66487188958402
146.66487188958402
146.66660800000068
146.66660800000068
146.873205139584
146.87494125000066
147.08153838958398
147.08153838958398
147.08327450000064
147.08327450000064
147.28987163958396
147.29160775000062
147.49820488958395
147.49820488958395
147.4999410000006
147.4999410000006
147.70653813958393
147.70827425000058
147.9148713895839
147.9148713895839
147.91660750000057
147.91660750000057
148.1232046395839
148.12494075000055
148.33153788958387
148.33153788958387
148.33153788958387
148.33327400000053
148.33327400000053
148.53987113958385
148.5416072500005
148.74820438958383
148.74820438958383
148.7499405000005
148.7499405000005
148.9582737500005
149.16487088958382
149.16487088958382
149.16660700000048
149.16660700000048
149.3732041395838
149.37494025000046
149.5815373895838
149.5815373895838
149.58327350000044
149.58327350000044
149.78987063958377
149.79160675000043
149.99820388958375
149.99820388958375
149.99820388958375
149.9999400000004
149.9999400000004
149.9999400000004
150.20653713958373
150.2082732500004
150.4148703895837
150.4148703895837
150.4148703895837
150.41660650000037
150.41660650000037
150.6232036395837
150.62493975000035
150.83153688958367
150.83153688958367
150.83327300000033
150.83327300000033
151.03987013958366
151.0416062500003
151.24820338958364
151.24820338958364
151.2499395000003
151.2499395000003
151.4582727500003
151.66486988958363
151.66486988958363
151.6666060000003
151.6666060000003
151.8732031395836
151.8732031395836
151.87493925000027
152.0815363895836
152.08327250000025
152.08327250000025
152.28986963958357
152.29160575000023
152.49820288958355
152.49820288958355
152.4999390000002
152.4999390000002
152.70653613958353
152.7082722500002
152.91486938958352
152.91486938958352
152.91660550000017
152.91660550000017
153.1232026395835
153.12493875000015
153.33153588958348
153.33153588958348
153.33153588958348
153.33327200000014
153.33327200000014
153.53986913958346
153.54160525000012
153.74820238958344
153.74820238958344
153.7499385000001
153.7499385000001
153.9582717500001
154.16486888958343
154.16486888958343
154.1666050000001
154.1666050000001
154.3732021395834
154.3732021395834
154.37493825000007
154.5815353895834
154.58327150000005
154.58327150000005
154.78986863958337
154.79160475000003
154.99820188958336
154.99820188958336
154.99820188958336
154.99993800000001
154.99993800000001
155.20653513958334
155.20827125
155.41486838958332
155.41486838958332
155.41660449999998
155.41660449999998
155.6232016395833
155.62493774999996
155.83153488958328
155.83153488958328
155.83327099999994
155.83327099999994
156.03986813958326
156.04160424999992
156.24820138958324
156.24820138958324
156.2499374999999
156.2499374999999
156.45653463958323
156.45827074999988
156.6648678895832
156.6648678895832
156.66660399999986
156.66660399999986
156.8732011395832
156.87493724999985
157.08153438958317
157.08153438958317
157.08327049999983
157.08327049999983
157.28986763958315
157.2916037499998
157.49820088958313
157.49820088958313
157.4999369999998
157.4999369999998
157.7082702499998
157.91486738958312
157.91660349999978
158.1232006395831
158.12493674999976
158.33153388958308
158.33326999999974
158.53986713958307
158.54160324999972
158.74820038958305
158.74820038958305
158.7499364999997
158.7499364999997
158.95653363958303
158.9582697499997
159.164866889583
159.164866889583
159.16660299999967
159.16660299999967
159.581533389583
159.58326949999966
159.998199889583
159.998199889583
159.998199889583
