8.92612
8.94343
8.95932
8.97596
8.99282
9.00929
9.02617
9.04262
9.05951
9.34403
9.3595
9.37595
9.39265
9.40932
9.42596
9.44331
9.75992
9.77603
9.79266
9.80988
9.82596
9.84265
9.85933
9.87596
9.89266
9.9093
9.92613
10.2098
10.227
10.2426
10.2593
10.2761
10.2927
10.3095
10.3261
10.4437
10.4606
10.4762
10.4927
10.5093
10.526
10.5426
10.5599
10.5766
10.6261
10.6427
10.6593
10.6761
11.1933
11.2094
11.226
11.2427
11.2593
11.2761
11.2927
11.3093
11.326
11.3428
12.343
12.3595
12.3761
12.3928
12.4094
12.4261
12.44297.43027
7.44758
7.46348
7.48023
7.49678
7.51345
7.53014
7.54694
8.99702
9.0137
9.03022
9.04687
9.06356
9.08023
9.09686
9.11354
9.13022
9.14687
9.16356
9.18042
10.897
10.9138
10.9302
10.9471
10.9636
10.9802
10.9969
11.0137
11.9137
11.9303
11.9469
11.9636
11.9803
11.9969
12.0136
12.0304
12.6975
12.7142
12.7303
12.7469
12.7636
12.7803
12.7969
12.8136
12.8303
12.8469
12.8636
12.8803
12.897
13.6304
13.647
13.6636
13.6803
13.697
13.7136
13.7303
13.7471
13.7636
13.7803
13.7971
13.847
13.8636
13.8803
13.8969
13.9136
13.9304
14.0138
14.0303
14.0469
14.0636
14.0803
14.0969
14.1136
14.1304
14.1976
14.2143
14.2303
14.2472
14.2636
14.2803
14.2971
14.3805
14.397
14.4136
14.4303
14.4469
14.4636
14.4803
14.4971
14.5805
14.597
14.6136
14.6303
14.6469
14.6636
14.6803
14.6969
14.7138
14.7303
14.7469
14.7636
14.7803
14.7969
14.8136
14.8303
14.8469
14.8636
14.8803
14.8971
15.3638
15.3804
15.3969
15.4136
15.4303
15.4469
15.4636
15.4803
15.4969
15.5136
15.5305
16.2145
16.2303
16.2469
16.2636
16.2803
16.2969
16.3136
16.3303
16.3469
