432.000000
585.000000
768.000000
921.000000
1092.000000
1269.000000
1434.000000
1521.000000
1608.000000
1683.000000
1776.000000
1860.000000
1950.000000
2043.000000
2118.000000
2208.000000
2295.000000
2385.000000
2475.000000
2550.000000
2634.000000
2712.000000
2799.000000
2889.000000
2967.000000
3051.000000
3138.000000
3219.000000
3306.000000
3480.000000
3648.000000
3843.000000
3996.000000
4146.000000
4320.000000
4503.000000
4677.000000
4839.000000
5001.000000
5175.000000
5265.000000
5355.000000
5529.000000
5700.000000
5874.000000
6033.000000
6219.000000
6375.000000
6549.000000
6633.000000
6711.000000
6891.000000
7056.000000
7272.000000
7395.000000
7485.000000
7578.000000
7728.000000
7890.000000
8070.000000
8154.000000
8244.000000
8403.000000
8592.000000
8754.000000
8835.000000
8916.000000
9099.000000
9273.000000
9351.000000
9432.000000
9606.000000
9684.000000
9762.000000
9936.000000
10020.000000
10107.000000
10275.000000
10353.000000
10449.000000
10614.000000
10698.000000
10782.000000
10959.000000
11121.000000
11298.000000
11466.000000
11634.000000
11817.000000
11988.000000
12072.000000
12159.000000
12237.000000
12327.000000
12486.000000
12654.000000
12828.000000
12909.000000
12996.000000
13161.000000
13242.000000
13329.000000
13506.000000
13677.000000
13758.000000
13842.000000
14022.000000
14175.000000
14346.000000
14511.000000
